80
 Cd     6.112459    -0.975540     2.372298
 Cd    -5.963421     0.564645     0.273288
 Cd    -5.121702    -0.327170     3.903768
 Cd    -4.043974     0.814974    -2.636502
 Cd    -3.587490     4.717540     0.281345
 Cd    -4.613582     2.772694     3.466037
 Cd     6.385937     0.985706     0.273093
 Cd    -1.821273     5.681256     2.477413
 Cd     3.955613    -4.863329     2.493090
 Cd    -4.019436    -2.358034    -0.263938
 Cd    -2.908262    -4.164509     3.892302
 Cd    -1.664971    -0.973481    -3.473644
 Cd    -2.215043     1.392719     0.116279
 Cd    -1.938244    -1.105698     3.331683
 Cd    -2.488825     1.253633     5.963533
 Cd    -0.318656     1.919727    -3.305089
 Cd     0.289886     4.999764    -0.356659
 Cd    -0.117198     2.633637     3.469258
 Cd     4.457823    -2.645325     0.020249
 Cd     2.536463     4.564999     4.157249
 Cd    -2.348409    -5.407208     0.362897
 Cd    -1.249276    -3.872317    -2.620895
 Cd     0.273852    -2.506346     0.136370
 Cd    -0.001088    -5.405206     3.488038
 Cd    -0.289813    -2.355788     6.091145
 Cd     1.614272    -0.913540    -3.288460
 Cd     2.138705     1.027859     0.250066
 Cd     1.944435    -1.120130     3.870373
 Cd     1.526468     1.383665     6.110505
 Cd     2.768614     2.918261    -2.501906
 Cd     3.608663     4.708771     0.418343
 Cd     4.555149     2.491398     3.487982
 Cd     2.222524    -5.823488     0.405685
 Se    -5.705975    -0.932932    -1.730221
 Se    -6.674607     1.278794     2.509690
 Se    -4.421980     2.563074    -0.767653
 Se    -4.307403     5.209062     2.749462
 Se    -1.779488     6.475203    -0.101135
 Se    -5.028253     1.555868     5.722437
 Se    -3.561349    -4.532179    -1.689181
 Se    -4.203126    -2.362525     2.450101
 Se    -2.445939     1.207416    -4.576770
 Se    -1.762777    -1.056011    -0.846312
 Se    -2.279128     1.412538     2.667124
 Se    -2.638017    -1.309357     5.848247
 Se     3.525449     3.016393     5.914812
 Se     0.031666     2.388656    -0.791736
 Se     0.615977     4.987903     2.473930
 Se    -0.560704     2.884739     6.041024
 Se     2.441610     5.388903    -1.746211
 Se    -2.345338    -6.388115     2.623859
 Se     0.010347    -2.618997    -4.473295
 Se     0.069713    -5.031838    -0.693874
 Se     0.090381    -2.625101     2.704016
 Se     1.957957     1.393111    -4.407288
 Se     2.360373    -1.332457    -0.870489
 Se     2.117014     1.275398     2.808794
 Se     1.902237    -1.130901     6.456413
 Se     4.310916     2.298563    -0.528660
 Se     4.621260     5.055720     2.670891
 Se     2.148361    -6.641125     2.871918
 Se    -1.152321    -4.747149     5.741655
 Se     4.670127    -5.228933    -0.024899
 Se     4.039886    -2.356210     2.865211
 Se     6.810323    -1.572968    -0.084664
 Se     6.786487     1.401118     2.881755
  P     9.560461     1.268688    -0.530427
  O     8.183814     1.908017    -0.640501
  C     9.835691     0.450377     1.046610
  C     9.821947     0.020378    -1.796045
  C    10.830120     2.526305    -0.717211
  H     9.154020    -0.430884     1.101886
  H     9.582285     1.149878     1.873644
  H    10.889840     0.110564     1.137324
  H     9.688334     0.479871    -2.797972
  H     9.050412    -0.770635    -1.646805
  H    10.836551    -0.425696    -1.718278
  H    10.691011     3.035461    -1.694080
  H    10.715813     3.272288     0.097330
  H    11.844616     2.076488    -0.671088


