 Cd     5.271257    -0.142917     4.156277
 Cd    -5.833159     0.848429     0.393101
 Cd    -5.838652    -1.115594     2.502813
 Cd    -2.496686     3.215057    -2.634120
 Cd    -3.611502     4.729392     0.370052
 Cd    -4.572432     2.636751     3.500432
 Cd     5.965189     0.699748     0.423344
 Cd    -2.510668     4.714132     4.030547
 Cd     3.889010    -4.441553     2.497520
 Cd    -4.307588    -2.641648    -0.277015
 Cd    -2.768708    -4.446313     4.039070
 Cd    -1.806101    -0.520914    -3.341091
 Cd    -2.093981     1.301084     0.112836
 Cd    -2.077323    -1.119681     3.479548
 Cd    -1.813809     1.513047     5.981838
 Cd     0.526802     1.888098    -3.330049
 Cd    -0.141917     5.012352    -0.272821
 Cd     0.057129     2.532807     3.442590
 Cd     4.447484    -2.363455    -0.266234
 Cd     1.945340     5.688910     2.494068
 Cd    -2.356933    -5.423646     0.404536
 Cd    -1.538006    -3.759728    -2.636501
 Cd    -0.125310    -2.500718     0.137411
 Cd    -0.000697    -5.271515     3.609728
 Cd    -0.291831    -2.485608     6.377997
 Cd     1.395575    -1.274396    -3.328725
 Cd     2.224835     1.117122     0.133519
 Cd     2.082876    -1.247152     3.468513
 Cd     2.093075     0.962952     5.977173
 Cd     4.156093     0.555091    -2.631325
 Cd     3.622741     4.574317     0.410846
 Cd     4.572255     2.643137     3.608193
 Cd     2.152396    -5.422775     0.401887
 Se    -6.600573    -1.560088    -0.030233
 Se    -6.633114     1.268407     2.839848
 Se    -4.293497     2.453426    -0.842053
 Se    -4.647802     5.146204     2.578680
 Se    -2.273630     5.557705    -1.646976
 Se    -3.629288     3.344791     5.862126
 Se    -3.693513    -4.738629    -1.664355
 Se    -3.919662    -2.773549     2.471263
 Se    -1.778756     1.728953    -4.551265
 Se    -2.166609    -1.130405    -0.865724
 Se    -2.213018     1.362323     2.671027
 Se    -2.434003    -0.958628     6.060967
 Se     4.632361     1.505454     5.977436
 Se     0.133712     2.409542    -0.839583
 Se    -0.490284     4.951762     2.463740
 Se     0.390040     2.821342     6.015547
 Se     1.957518     6.455327    -0.073204
 Se    -2.149939    -6.539826     2.601351
 Se    -0.528793    -2.440935    -4.551532
 Se    -0.023168    -4.967262    -0.830249
 Se    -0.014750    -2.585274     2.699176
 Se     2.488771     0.761209    -4.529323
 Se     2.041207    -1.331773    -0.838443
 Se     2.245278     1.301604     2.696740
 Se     2.124501    -1.625858     6.055447
 Se     4.331411     2.442782    -0.786046
 Se     4.384770     5.090755     2.854345
 Se     2.215174    -6.312178     2.856553
 Se    -1.128536    -4.869760     5.935060
 Se     4.626819    -4.895405    -0.031690
 Se     4.464731    -1.964146     2.508628
 Se     6.041182    -0.832918    -1.620811
 Se     6.759132     1.418768     2.664707
  P    -0.053448    -1.163970     9.359350
  C    -0.093874    -1.220673    11.132409
  O    -0.245847    -2.487452     8.678948
  O    -1.189584    -0.115384     8.980044
  O     1.354948    -0.499584     9.033273
  H    -1.658891    -0.372843     8.113085
  H     1.735155    -0.831609     8.147552
  H     0.052762    -0.198460    11.538662
  H    -1.078796    -1.613733    11.455843
  H     0.717538    -1.885748    11.490801


